2
150
-266.0 301.0
-265.0 302.0
-264.0 303.0
-263.0 304.0
-262.0 305.0
-260.0 306.0
-259.0 306.0
-258.0 307.0
-256.0 308.0
-255.0 309.0
-254.0 310.0
-253.0 311.0
-252.0 313.0
-248.0 313.0
-246.0 313.0
-243.0 313.0
-241.0 314.0
-235.0 314.0
-231.0 314.0
-225.0 314.0
-218.0 314.0
-209.0 318.0
-204.0 318.0
-200.0 318.0
-195.00000000000003 318.0
-187.0 318.0
-177.0 318.0
-168.00000000000003 318.0
-163.0 318.0
-154.0 318.0
-145.00000000000003 318.0
-135.0 318.0
-125.0 318.0
-116.0 318.0
-106.0 318.0
-99.0 318.0
-96.0 318.0
-90.0 317.0
-86.0 317.0
-83.0 317.0
-80.0 317.0
-78.0 314.0
-74.0 311.0
-73.0 310.0
-72.0 309.0
-71.0 308.0
-71.0 307.0
-71.0 305.0
-71.0 304.0
-71.0 303.0
-71.0 302.0
-71.0 301.0
-71.0 300.0
-71.0 299.0
-71.0 298.0
-71.0 294.0
-71.0 293.0
-71.0 292.0
-71.0 290.0
-73.0 289.0
-74.0 289.0
-77.0 287.0
-77.0 285.0
-79.0 284.0
-81.0 282.0
-85.0 280.0
-90.0 278.0
-92.0 278.0
-98.0 276.0
-108.0 268.0
-116.0 266.0
-122.0 266.0
-127.0 266.0
-133.0 266.0
-140.0 266.0
-144.0 266.0
-150.0 266.0
-159.0 266.0
-171.0 266.0
-183.0 266.0
-193.00000000000003 266.0
-205.0 266.0
-215.0 266.0
-225.0 266.0
-234.0 266.0
-237.0 266.0
-240.0 266.0
-239.0 266.0
-236.0 266.0
-230.0 265.0
-223.0 263.0
-218.0 263.0
-210.0 261.0
-198.0 259.0
-186.0 257.0
-174.00000000000003 255.0
-162.0 253.0
-152.0 251.0
-142.0 247.0
-132.0 243.0
-129.0 243.0
-126.0 242.0
-121.0 241.0
-118.0 238.0
-117.0 237.0
-115.0 235.0
-115.0 234.0
-115.0 233.0
-115.0 231.0
-115.0 230.0
-115.0 229.0
-115.0 225.0
-115.0 224.0
-115.0 222.0
-119.0 220.0
-122.0 220.0
-124.0 217.0
-127.0 215.0
-131.0 213.0
-134.0 213.0
-136.0 213.0
-138.0 212.0
-142.0 209.0
-147.00000000000003 209.0
-150.99999999999997 206.0
-154.99999999999997 206.0
-160.0 206.0
-166.0 205.0
-172.00000000000003 203.0
-179.0 203.0
-186.0 203.0
-193.00000000000003 201.0
-202.0 201.0
-214.0 201.0
-226.0 199.00000000000003
-238.0 199.00000000000003
-250.0 199.00000000000003
-262.0 199.00000000000003
-274.0 199.00000000000003
-286.0 199.00000000000003
-295.0 199.00000000000003
-305.0 199.00000000000003
-315.0 199.00000000000003
-322.0 199.00000000000003
-329.0 199.00000000000003
-331.0 199.00000000000003
-333.0 199.00000000000003
-332.0 199.00000000000003
-331.0 200.0
-330.0 200.0
694
-319.0 314.0
-320.0 313.0
-321.0 312.0
-322.0 310.0
-322.0 307.0
-322.0 306.0
-322.0 305.0
-324.0 304.0
-324.0 303.0
-324.0 302.0
-324.0 301.0
-324.0 300.0
-324.0 298.0
-324.0 297.0
-324.0 296.0
-324.0 295.0
-324.0 292.0
-324.0 291.0
-324.0 290.0
-324.0 289.0
-324.0 287.0
-324.0 285.0
-324.0 283.0
-324.0 282.0
-324.0 281.0
-323.0 280.0
-322.0 279.0
-321.0 278.0
-320.0 277.0
-320.0 276.0
-319.0 274.0
-319.0 273.0
-318.0 272.0
-317.0 271.0
-315.0 269.0
-314.0 268.0
-313.0 266.0
-313.0 265.0
-312.0 264.0
-311.0 262.0
-311.0 261.0
-310.0 260.0
-310.0 259.0
-309.0 257.0
-309.0 256.0
-309.0 255.0
-309.0 254.0
-308.0 252.0
-307.0 251.0
-305.0 250.0
-304.0 250.0
-302.0 248.0
-301.0 247.0
-300.0 246.0
-299.0 244.0
-299.0 243.0
-299.0 241.0
-298.0 239.0
-298.0 238.0
-297.0 237.0
-296.0 236.0
-296.0 235.0
-296.0 233.0
-296.0 232.0
-296.0 230.0
-294.0 228.0
-293.0 227.0
-293.0 226.0
-292.0 226.0
-291.0 225.0
-290.0 224.0
-290.0 223.0
-290.0 222.0
-290.0 221.0
-290.0 220.0
-289.0 219.0
-289.0 218.0
-288.0 217.0
-288.0 215.0
-288.0 214.0
-288.0 213.0
-288.0 212.0
-288.0 211.0
-288.0 209.0
-287.0 208.0
-285.0 207.0
-284.0 207.0
-283.0 206.0
-283.0 205.0
-283.0 204.0
-283.0 203.0
-283.0 202.0
-283.0 201.0
-282.0 200.0
-282.0 198.0
-282.0 197.00000000000003
-282.0 196.0
-282.0 195.00000000000003
-282.0 194.0
-281.0 192.0
-281.0 191.0
-281.0 190.0
-281.0 189.0
-280.0 188.0
-279.0 187.0
-279.0 186.0
-279.0 185.0
-279.0 184.0
-279.0 181.0
-279.0 179.99999999999997
-279.0 177.99999999999997
-279.0 177.0
-279.0 175.99999999999997
-279.0 174.00000000000003
-279.0 172.00000000000003
-279.0 171.0
-279.0 169.0
-279.0 168.00000000000003
-279.0 167.0
-279.0 166.0
-279.0 165.0
-279.0 163.0
-279.0 161.0
-279.0 160.0
-278.0 159.0
-278.0 158.0
-278.0 156.99999999999997
-278.0 156.0
-278.0 154.99999999999997
-278.0 154.0
-278.0 152.0
-278.0 150.99999999999997
-278.0 150.0
-278.0 149.00000000000003
-278.0 148.0
-278.0 147.00000000000003
-278.0 145.00000000000003
-278.0 144.0
-278.0 143.0
-278.0 141.0
-278.0 140.0
-278.0 137.0
-278.0 134.0
-274.0 132.0
-274.0 130.0
-274.0 129.0
-274.0 127.0
-274.0 126.0
-273.0 124.0
-272.0 123.0
-272.0 120.0
-272.0 118.0
-272.0 116.0
-272.0 115.0
-271.0 114.0
-271.0 113.0
-271.0 112.0
-271.0 111.0
-270.0 110.0
-270.0 108.0
-270.0 107.0
-270.0 106.0
-270.0 105.0
-270.0 103.0
-270.0 102.0
-270.0 100.0
-270.0 99.0
-270.0 98.0
-270.0 97.0
-269.0 96.0
-267.0 94.0
-266.0 93.0
-266.0 91.0
-266.0 90.0
-266.0 88.0
-266.0 87.0
-266.0 86.0
-263.0 84.0
-262.0 83.0
-262.0 84.0
-262.0 85.0
-262.0 87.0
-262.0 89.0
-262.0 91.0
-262.0 92.0
-262.0 93.0
-262.0 95.0
-262.0 99.0
-262.0 101.0
-262.0 103.0
-262.0 107.0
-262.0 110.0
-262.0 113.0
-262.0 117.0
-262.0 124.0
-262.0 128.0
-262.0 131.0
-262.0 134.0
-262.0 138.0
-262.0 141.0
-262.0 144.0
-262.0 148.0
-262.0 150.99999999999997
-262.0 152.99999999999997
-262.0 156.99999999999997
-262.0 158.0
-262.0 159.0
-262.0 164.0
-262.0 167.0
-262.0 169.0
-262.0 173.0
-262.0 175.0
-262.0 177.99999999999997
-262.0 179.99999999999997
-262.0 181.99999999999997
-262.0 188.0
-262.0 192.0
-262.0 195.00000000000003
-262.0 198.0
-262.0 201.0
-262.0 203.0
-262.0 209.0
-262.0 211.0
-262.0 215.0
-262.0 218.0
-262.0 220.0
-262.0 222.0
-262.0 226.0
-262.0 228.0
-262.0 229.0
-262.0 232.0
-262.0 234.0
-262.0 236.0
-262.0 238.0
-262.0 239.0
-262.0 241.0
-262.0 243.0
-262.0 244.0
-262.0 248.0
-262.0 250.0
-265.0 253.0
-265.0 257.0
-265.0 259.0
-265.0 261.0
-265.0 265.0
-265.0 268.0
-265.0 269.0
-265.0 272.0
-265.0 274.0
-265.0 277.0
-265.0 279.0
-265.0 280.0
-265.0 282.0
-265.0 288.0
-265.0 290.0
-265.0 292.0
-265.0 295.0
-265.0 296.0
-265.0 298.0
-265.0 302.0
-265.0 303.0
-265.0 305.0
-265.0 310.0
-265.0 313.0
-265.0 315.0
-265.0 317.0
-265.0 320.0
-265.0 322.0
-265.0 323.0
-265.0 326.0
-265.0 327.0
-264.0 328.0
-264.0 331.0
-263.0 334.0
-263.0 335.0
-263.0 336.0
-261.0 339.0
-261.0 340.0
-259.0 342.0
-258.0 343.0
-258.0 346.0
-258.0 347.0
-258.0 348.0
-257.0 352.0
-257.0 353.0
-256.0 354.0
-255.0 357.0
-255.0 358.0
-253.0 359.0
-252.0 359.0
-251.0 359.0
-249.0 362.0
-248.0 363.0
-248.0 364.0
-247.0 365.0
-246.0 365.0
-243.0 365.0
-242.0 365.0
-239.0 365.0
-238.0 365.0
-236.0 364.0
-231.0 362.0
-228.0 359.0
-227.0 358.0
-224.0 355.0
-223.0 355.0
-220.0 351.0
-220.0 349.0
-217.0 346.0
-215.0 344.0
-212.0 339.0
-207.0 336.0
-206.0 333.0
-204.0 330.0
-202.0 327.0
-199.00000000000003 322.0
-197.00000000000003 320.0
-193.00000000000003 315.0
-188.0 308.0
-188.0 303.0
-188.0 299.0
-183.0 294.0
-177.0 287.0
-177.0 282.0
-174.00000000000003 276.0
-171.0 271.0
-168.00000000000003 268.0
-163.0 261.0
-160.0 256.0
-160.0 254.0
-160.0 249.0
-158.0 244.0
-152.99999999999997 237.0
-150.0 234.0
-150.0 233.0
-149.00000000000003 229.0
-148.0 225.0
-148.0 223.0
-148.0 219.0
-146.0 216.0
-146.0 214.0
-146.0 210.0
-146.0 206.0
-146.0 202.0
-143.0 197.00000000000003
-143.0 195.00000000000003
-143.0 191.0
-143.0 187.0
-143.0 183.0
-143.0 177.0
-142.0 170.00000000000003
-140.0 163.0
-140.0 159.0
-140.0 152.0
-140.0 146.0
-135.0 139.0
-135.0 129.0
-135.0 122.0
-135.0 113.0
-135.0 108.0
-135.0 104.0
-135.0 100.0
-135.0 97.0
-135.0 91.0
-135.0 85.0
-135.0 82.0
-135.0 74.0
-135.0 65.0
-135.0 60.0
-135.0 57.0
-135.0 52.0
-135.0 45.0
-135.0 42.0
-135.0 37.0
-135.0 34.0
-135.0 29.0
-135.0 20.0
-135.0 17.0
-135.0 14.0
-135.0 11.0
-135.0 8.0
-135.0 4.0
-135.0 0.0
-135.0 -1.9999999999999432
-135.0 -5.0
-135.0 -7.0
-135.0 -9.0
-135.0 -11.000000000000057
-135.0 -12.0
-135.0 -13.999999999999943
-135.0 -16.0
-135.0 -18.0
-135.0 -21.0
-135.0 -25.0
-135.0 -28.0
-135.0 -29.0
-135.0 -32.0
-135.0 -33.0
-135.0 -34.99999999999994
-135.0 -38.99999999999994
-135.0 -44.00000000000006
-135.0 -45.0
-135.0 -46.0
-136.0 -47.0
-137.0 -49.0
-137.0 -50.0
-137.0 -51.0
-137.0 -53.0
-137.0 -54.0
-137.0 -55.0
-137.0 -55.99999999999994
-138.0 -57.0
-138.0 -58.0
-138.0 -61.00000000000006
-139.0 -62.0
-139.0 -63.0
-139.0 -63.99999999999994
-139.0 -66.0
-139.0 -67.0
-139.0 -68.0
-139.0 -69.00000000000006
-139.0 -70.0
-139.0 -71.0
-139.0 -73.00000000000006
-140.0 -74.0
-140.0 -75.0
-140.0 -76.0
-140.0 -78.0
-140.0 -80.0
-141.0 -80.99999999999994
-142.0 -82.0
-142.0 -84.0
-142.0 -86.00000000000006
-142.0 -88.99999999999994
-142.0 -90.00000000000006
-142.0 -91.0
-142.0 -93.0
-142.0 -94.00000000000006
-142.0 -96.0
-142.0 -97.0
-143.0 -99.0
-143.0 -100.0
-143.0 -101.99999999999994
-143.0 -103.0
-143.0 -105.99999999999994
-143.0 -107.0
-143.0 -108.0
-145.00000000000003 -109.0
-146.0 -109.0
-146.0 -111.00000000000006
-146.0 -112.0
-147.00000000000003 -113.0
-148.0 -113.0
-149.00000000000003 -113.0
-150.0 -113.0
-150.99999999999997 -113.0
-152.99999999999997 -113.0
-156.0 -113.0
-158.0 -113.0
-160.0 -113.0
-163.0 -113.0
-168.00000000000003 -109.99999999999994
-172.00000000000003 -107.0
-177.0 -104.0
-184.0 -101.99999999999994
-187.0 -99.0
-195.00000000000003 -96.0
-202.0 -94.00000000000006
-206.0 -88.99999999999994
-214.0 -87.0
-220.0 -84.0
-227.0 -78.0
-232.0 -75.0
-235.0 -72.0
-243.0 -69.00000000000006
-246.0 -66.0
-249.0 -62.0
-255.0 -58.0
-259.0 -55.0
-261.0 -51.0
-267.0 -44.00000000000006
-270.0 -41.0
-273.0 -32.0
-277.0 -26.999999999999943
-280.0 -22.0
-281.0 -20.0
-286.0 -13.0
-286.0 -5.999999999999943
-286.0 -3.0
-287.0 2.0
-289.0 7.0
-289.0 9.0
-290.0 13.0
-290.0 16.0
-290.0 19.0
-290.0 22.0
-290.0 24.0
-290.0 26.0
-290.0 29.0
-290.0 30.0
-290.0 32.0
-290.0 35.0
-290.0 38.0
-290.0 39.0
-290.0 41.0
-289.0 44.0
-288.0 46.0
-288.0 48.0
-284.0 52.0
-281.0 53.0
-279.0 59.0
-279.0 60.0
-277.0 63.0
-273.0 66.0
-272.0 67.0
-271.0 68.0
-267.0 70.0
-266.0 70.0
-265.0 71.0
-259.0 73.0
-258.0 73.0
-256.0 74.0
-250.0 77.0
-249.0 77.0
-247.0 77.0
-241.0 80.0
-234.0 81.0
-231.0 81.0
-223.0 81.0
-218.0 83.0
-214.0 83.0
-206.0 83.0
-203.0 83.0
-195.00000000000003 83.0
-188.0 83.0
-185.0 83.0
-181.0 83.0
-177.0 83.0
-173.0 83.0
-167.0 83.0
-164.0 83.0
-161.0 83.0
-158.0 83.0
-156.99999999999997 83.0
-154.99999999999997 83.0
-154.0 83.0
-152.99999999999997 83.0
-150.99999999999997 83.0
-150.0 83.0
-149.00000000000003 83.0
-148.0 78.0
-148.0 75.0
-148.0 74.0
-148.0 72.0
-148.0 71.0
-148.0 68.0
-148.0 65.0
-148.0 62.0
-148.0 61.0
-148.0 57.0
-148.0 55.0
-148.0 54.0
-148.0 52.0
-148.0 49.0
-150.0 45.0
-152.0 44.0
-152.99999999999997 42.0
-156.0 36.0
-156.0 35.0
-156.0 33.0
-160.0 28.0
-160.0 27.0
-160.0 26.0
-164.0 22.0
-165.0 21.0
-168.00000000000003 17.0
-169.0 14.0
-170.00000000000003 13.0
-173.0 11.0
-175.0 10.0
-177.99999999999997 9.0
-179.0 9.0
-179.99999999999997 9.0
-185.0 6.0
-188.0 5.0
-189.0 5.0
-193.00000000000003 4.0
-197.00000000000003 4.0
-199.00000000000003 4.0
-202.0 3.0
-204.0 3.0
-205.0 3.0
-208.0 3.0
-209.0 1.0
-210.0 1.0
-212.0 1.0
-213.0 1.0
-214.0 1.0
-217.0 1.0
-218.0 1.0
-220.0 1.0
-221.0 1.0
-222.0 1.0
-223.0 1.0
-225.0 1.0
-226.0 1.0
-228.0 1.0
-229.0 1.0
-230.0 1.0
-231.0 1.0
-231.0 0.0
-231.0 -1.0
-231.0 -1.9999999999999432
-231.0 -5.0
-231.0 -5.999999999999943
-231.0 -8.0
-231.0 -9.0
-231.0 -11.000000000000057
-231.0 -12.0
-230.0 -13.999999999999943
-226.0 -17.0
-223.0 -22.0
-222.0 -23.000000000000057
-219.0 -26.999999999999943
-218.0 -28.0
-217.0 -32.0
-214.0 -32.0
-210.0 -36.00000000000006
-209.0 -38.99999999999994
-207.0 -41.0
-201.0 -46.0
-199.00000000000003 -51.0
-197.00000000000003 -54.0
-192.0 -58.0
-191.0 -61.00000000000006
-187.0 -63.99999999999994
-183.0 -71.0
-179.99999999999997 -74.0
-179.0 -80.0
-173.0 -87.0
-170.00000000000003 -90.00000000000006
-168.00000000000003 -94.00000000000006
-167.0 -99.0
-166.0 -103.0
-164.0 -105.99999999999994
-164.0 -109.0
-164.0 -112.0
-164.0 -113.0
-164.0 -116.0
-160.0 -119.0
-160.0 -126.0
-160.0 -128.0
-159.0 -131.0
-159.0 -135.0
-159.0 -139.0
-159.0 -141.0
-159.0 -149.0
-159.0 -154.0
-159.0 -156.0
-159.0 -162.0
-159.0 -165.0
-159.0 -168.0
-159.0 -177.0
-159.0 -180.0
-159.0 -183.0
-159.0 -189.0
-159.0 -194.0
-159.0 -200.0
-159.0 -209.0
-159.0 -212.0
-159.0 -215.0
-159.0 -220.0
-159.0 -222.0
-159.0 -228.0
-159.0 -230.0
-159.0 -234.0
-159.0 -240.0
-159.0 -245.0
-159.0 -249.0
-159.0 -253.0
-159.0 -256.0
-159.0 -258.0
-159.0 -262.0
-159.0 -266.0
-159.0 -267.0
-159.0 -269.0
-159.0 -271.0
-159.0 -273.0
-159.0 -274.0
-159.0 -276.0
-159.0 -279.0
-159.0 -280.0
-159.0 -281.0
-159.0 -282.0
